a41,1.0580943404023726,-0.031125463637313677,0.02869138043556137,-0.04512344345292343,0.12666920597298065,0.13847564948971028,-0.14488140559537957,0.2890344782281712,-0.08793824689284073,-0.15834989423987753,-0.27198353623650007,-0.02253133323223696,0.041727612239157705,-0.08156523680758294,-0.3350206101621379,-0.08153193366329618,0.12457567440031565,-0.06039351978195644,0.07274961953924623,0.17533121274090546,-0.32391561826537973,0.08049535164265012,0.1779801405018252,0.06649315914394441,0.0074565058803809856,0.12867703767728675,0.015162937906841338,0.331707661465211,-0.2723861215109101,-0.278026080434071,0.13680470554488317,0.001801603320150562,-0.18339848146460191,0.07696073187902774,-0.005500312995610961,0.06664806773230739,-0.14645250819125258,0.08431796228745975,0.0020498569518456323,-0.02633900433054767,0.22437548325122747,0.061809942164988835,0.12470349757991483,0.012729236471864632,-0.18978940640648884,-0.093806213041558,-0.09794750284112713,-0.07850683270067334,-0.1265098006680856,-0.06654832802039458,-0.16443213331961362,-0.12420317359422861,0.09930337774100598,0.1064222708357184,-0.06908907930549815,0.14983659693667714,-0.18827220403164122,-0.13642955938495224,-0.18966163013702425,0.07057316228949266
a42,-0.031125463637313677,0.9627230718187725,0.07982013731076248,-0.11075922787643136,-0.13548819525558264,-0.1574800290432447,0.049129379848194016,-0.05298682754660653,0.48936009498560407,-0.27768182933581764,0.08829283247651877,0.11265672712129393,-0.11746136559184822,0.08317251343910761,0.13378417767458595,-0.19221715064972644,-0.13881496458309844,0.477043434539677,0.10753752092360798,-0.16246350088726594,-0.03525955234780823,-0.2500101436336948,-0.10910347716807278,0.4025784016709328,0.0017764895318940486,-0.05532117482634087,0.13071068093774857,0.04132779382116336,-0.07936210373258204,0.12235984284439234,-0.09993221557916988,0.11172148361582197,0.0739872298995382,-0.20487596631391328,0.10016145458149343,-0.12248385561813228,-0.028084293740285832,-0.19186543651255564,-0.03073235812777296,-0.04018750742364141,-0.11245898363483468,0.20400836878059933,0.010129182455721605,-0.04114237867732456,-0.010010779479648227,-0.030787501315855403,0.009782941764899486,-0.03480244945612144,0.004392855346522035,-0.07338214163042256,-0.10455420298440767,-0.14115956055495557,-0.15510131913109182,-0.12752974184753646,-0.0830441865054643,-0.1380735318613979,0.012558806291607888,-0.043327944699327,-0.09752295918617872,0.0075790325526266635
a43,0.02869138043556137,0.07982013731076248,0.9114812191296561,-0.054925844088439334,-0.08566248730765119,-0.2106445381263314,0.12722693372285312,0.02513801795127386,-0.23916032375863341,-0.14681024669315906,-0.18541041230763491,-0.18540753854369288,0.03528759039758615,-0.13991034918542436,-0.22931091454804686,0.24833795604096676,-0.06985133456452024,-0.16688263839123244,-0.061379560499603,-0.1039071219916415,-0.19630970608447726,0.11129359320640593,-0.03034017309586891,0.0501864049344616,0.01541595343307523,0.4252628518299323,-0.2040277405062288,-0.16494989749205025,-0.2717722763523389,0.30136386591486874,0.029702877302142165,0.4055310456667215,-0.10085740715902687,-0.08540070207157147,0.40701710310228595,-0.13394682580420672,-0.20124724378585945,0.09741263017701508,-0.11001959016365714,0.06846623683313192,-0.11761733960757831,-0.02097672591835505,-0.12528586125783892,0.24647792705028074,0.16545227437636445,-0.08238887372456646,-0.12508590013726828,0.2097052819239825,0.05369186527800478,-0.16143022631203896,0.03264529050782334,-0.02929927604229693,-0.03618547620923494,0.1553759787473499,-0.13826136599186176,0.21939762566079057,0.14596308906998878,-0.11207954097123442,-0.21096959389794026,-0.05863003311049352
a44,-0.04512344345292343,-0.11075922787643136,-0.054925844088439334,0.9949079056836444,-0.09727356842379067,-0.06674382017056969,0.14324696422120742,-0.06901694446286447,0.030585345769729388,-0.0010520772988637562,-0.11957182781240333,-0.035601570953156324,-0.09942088815963564,-0.0903748483639168,0.0024063342307644115,0.005344068951778842,-0.06397861256441514,0.0782117196299359,0.0876573024397798,-0.07444660836446884,-0.0441330512553017,0.04125291353757965,-0.07479987368420354,-0.13779217532233987,0.14816019648345266,-0.07971587856100318,-0.02578363595492431,-0.05836220024044407,-0.04797462597498025,-0.05161135592575185,-0.0981068188198317,-0.055088322030399484,0.33835571764782535,0.454964537432422,-0.008897392101447882,-0.045397939421626426,-0.025156834237469082,-0.08483524469118395,-0.11256761443328075,-0.0005327291738067753,-0.040622570901972556,-0.16831348991849365,-0.11399320460807964,-0.020304094962078578,-0.07670452235529293,0.13831224919937654,0.02033777831020897,-0.060082060708204335,-0.04674972675680678,-0.060977098711372586,0.23149991938156933,0.09766686306321021,-0.09517251267307547,-0.16331687313408394,-0.09595871626650519,-0.027949011858167182,-0.11163162965845162,0.042363030220914824,0.20581435600406628,-0.10026671873502442
a45,0.12666920597298065,-0.13548819525558264,-0.08566248730765119,-0.09727356842379067,0.614666345637573,0.07927281512811368,-0.15457894414067774,0.11418969920885154,-0.24698574517875518,0.26505133436951783,-0.2214258845436664,-0.0932030435797678,0.17869649287870779,-0.12733634466134028,-0.22001303481763382,-0.014639304456484939,-0.07269787537566383,-0.34589980785721847,-0.051793690699135364,0.20939700950826556,0.025086299240365383,0.02749431205616339,0.331973620556872,-0.008336487958403343,-0.1029090266474604,0.029344153098416502,-0.15889183475273205,-0.024292235547728466,0.010652789166868851,-0.19215602944489646,0.1303865433756646,-0.10693771858850215,-0.2445970749926965,-0.0021738473903380367,-0.030162864394230507,-0.0660583608033855,-0.06841236545474687,0.30425577232595374,0.2250390950135217,-0.08137772798077623,0.03325197201192448,0.21568122294219882,-0.0534119026810402,-0.04109309318884731,-0.0007568016266542616,-0.10123957596505803,-0.23551956608830837,0.09959655090412298,0.001574969430424643,0.1619423269779887,-0.10203362804194045,-0.056077025209759594,0.39557970348975685,0.09806527540120535,0.057843129903240545,-0.03019440719780185,0.01601929362129928,-0.09621680179908546,-0.037396529857808086,-0.04448711520975279
a46,0.13847564948971028,-0.1574800290432447,-0.2106445381263314,-0.06674382017056969,0.07927281512811368,1.178720318678462,-0.11453588198893454,0.3097289174906809,-0.1634673377037867,-0.020445741879906863,-0.23014798375648413,0.353379144386213,-0.09359537344439044,-0.11305019616537511,-0.1621158063374754,-0.14430222238640047,0.04457692437980499,-0.1664249604277709,-0.1795242028765158,0.16490336634957525,-0.1418464650829197,0.012714453176104958,-0.05736133605658609,-0.13893979060499423,-0.17645279786572837,0.0028866511323590548,-0.01718666266840273,-0.08902208881393696,-0.10749390673187947,-0.28224049987581984,0.06392008674764248,0.10269449439915873,-0.22075206830811675,0.016873979815811957,-0.1814619885845921,0.5268511233907092,0.5164808426186089,-0.07109570874557608,-0.14978557806676088,-0.07090407007323642,0.2713375990536324,-0.11028896394685091,0.26541087957187803,-0.012857563823485085,-0.2003996189446033,0.19533745247781406,-0.2105410165846599,-0.14394766628228173,-0.12925665119256066,0.37008403377216414,-0.1670247476726723,-0.01678528520565723,-0.037312869890420285,0.11442825007640348,-0.04080209127676847,-0.01838385519846295,-0.16701616745544254,-0.1285226562423529,-0.041962943156404496,0.22404613220211408
a47,-0.14488140559537957,0.049129379848194016,0.12722693372285312,0.14324696422120742,-0.15457894414067774,-0.11453588198893454,0.7024225492995768,-0.09842257700027666,0.009568128258938373,-0.15681374243157734,0.05398040878191525,-0.011981531327876662,-0.06361050957269566,-0.0540767004541439,0.09690531267750736,0.08964052414502383,-0.10504666960575768,0.13325611457578745,-0.03695700559462098,-0.06706785065079489,-0.03297780033683685,0.04209542055822613,-0.09542569683442587,-0.03659423886287935,0.3009944737415989,0.05387992466714534,-0.08570540153040886,-0.04088419635378805,-0.030689125323575085,0.0739589345566067,-0.09612460922793045,0.07122747492609825,0.03847593205698292,-0.01089589888793921,-0.005459653238858715,-0.07702989434639151,-0.04111111886584028,-0.1023940744220694,-0.14410607621023588,0.30094209939307454,-0.04867541771140743,-0.14279642399984394,-0.10062273033134375,-0.052408409959097575,-0.06855166838246692,0.1408521284893595,-0.03315730346452915,-0.029379236992338457,-0.001893142586221142,-0.08525498455696594,0.006647559835223772,-0.014537251971662293,-0.16482540800447726,-0.026584407041892185,-0.09512439694187837,0.08408778813638763,-0.00557229840359408,0.2301631202972168,-0.01696724167764826,-0.054980210738225385
a48,0.2890344782281712,-0.05298682754660653,0.02513801795127386,-0.06901694446286447,0.11418969920885154,0.3097289174906809,-0.09842257700027666,0.9530089283465855,-0.2961250697734298,-0.1309612654253041,-0.35330819844439987,0.297919687679117,-0.07202916689947278,-0.17964991883770484,-0.1843907018784424,-0.09473259018334067,0.09460543846778093,-0.2524262209225252,-0.10136158672582307,0.05378397084780984,-0.18670966964157282,0.35300380070572696,-0.00527604882908108,-0.043712196610571886,-0.10577305325743024,0.0810189171663884,-0.06047385005125419,0.017707396016103966,-0.2515637228458441,-0.16561188198675925,0.4575269640204505,0.1860538709300252,-0.29297307160049985,-0.019472100012427055,-0.081747980783678,0.16949784190567127,0.0062854839957415835,0.05343634124905088,-0.11028661631885929,-0.008910928565107347,0.12443923838008752,-0.011364977589437398,0.08341209861703401,0.21670188619912012,-0.14854495885325167,0.0067528940711410485,-0.27395063445459017,-0.018643677478413397,-0.17435544867180325,0.05225559848455337,-0.1266874603931839,0.027704447107359715,0.06039232771643415,0.26020633828113415,0.10191960565669246,0.07460862601442234,-0.19106795769063614,-0.1695233433837033,-0.17739658468847624,0.03912442870159165
a49,-0.08793824689284073,0.48936009498560407,-0.23916032375863341,0.030585345769729388,-0.24698574517875518,-0.1634673377037867,0.009568128258938373,-0.2961250697734298,1.683317645342214,-0.26616255975636244,0.5969804442647494,0.13621564360518892,-0.3266837599724864,0.43305364098021404,0.22465129098706274,-0.2757038703272238,-0.21640591114372112,0.9111346508217192,0.18461635194234974,-0.2593314988553974,-0.06527794381993574,-0.3237607982526718,-0.25770808337266454,0.002187565953606012,0.011687161663371673,-0.2690990862172835,0.6409541620207045,0.001014809648044754,-0.014771480785920327,0.12038272730675909,-0.4204632303416073,-0.04488309354700148,0.37575526245996477,-0.15966299992743685,0.007205234430735662,-0.19544713597902674,0.06564586959240798,-0.27114322624585324,0.17782501544251647,-0.11012345685828452,-0.2160081049406373,0.030690671511313453,-0.037764087486385364,-0.18202352611352174,-0.059529117817162615,-0.012568304402317949,0.5559824392553496,-0.09756705284676094,-0.04071343960450057,-0.1447504379640195,0.05154832239851761,-0.02071480896308706,-0.23346953714554883,-0.39562773048464955,-0.17914739390633086,-0.24296717409144758,-0.08141824813344659,-0.07887058910024053,-0.044802285857080924,-0.16211561300823835
a50,-0.15834989423987753,-0.27768182933581764,-0.14681024669315906,-0.0010520772988637562,0.26505133436951783,-0.020445741879906863,-0.15681374243157734,-0.1309612654253041,-0.26616255975636244,0.9613339370491996,-0.07034346344886858,-0.20213766978637357,0.27485335516481113,-0.2230270057518533,-0.20501757178298138,0.24356662666234022,-0.1132413508230378,-0.35489731883995773,-0.15051248555975136,0.23828181269215673,0.3612448691058734,0.09862136348458972,0.22608872636697103,-0.09405518607488639,-0.1287559881336227,-0.007246238856614076,-0.19326529025961356,-0.21797643174941853,0.37418630002828074,-0.12766611197473607,0.060291281566594836,-0.1827281611979546,-0.14851622011723756,0.10183198888852467,-0.12631407209528822,-0.144229866536158,-0.10808374145302045,0.25687193484995396,-0.015805004269006055,-0.17860835500213812,-0.1077641288965023,-0.07050560671392467,-0.21955523838989163,0.03695651552184719,0.20009023178635732,-0.08825437920585341,-0.11342971289103627,-0.027171521400686172,0.11882229342880903,0.09777254646707569,0.042378251936751384,0.07210680767591504,0.28327682386268194,0.02182471420595126,0.18701033473903134,-0.03802276828441201,0.11416787991086193,0.08208896143812959,0.21000526084714657,-0.11331583991122952
a51,-0.27198353623650007,0.08829283247651877,-0.18541041230763491,-0.11957182781240333,-0.2214258845436664,-0.23014798375648413,0.05398040878191525,-0.35330819844439987,0.5969804442647494,-0.07034346344886858,1.307819996847481,-0.06832773785375516,-0.16058493710700997,0.2892463447469544,0.3896229181769308,-0.15175638071138808,-0.1731736802051232,0.4027206180491592,-0.008070658746023,-0.25856679294690665,0.14629412135768138,-0.2071835847573052,-0.14159286988833578,-0.17189276865305117,0.02372182280093392,-0.26306605014341367,0.13966932904150603,0.03220003479739567,0.17423016232776195,0.5493097298256197,-0.28523494058137827,-0.17171633915648785,0.5793658600476002,-0.14518602589913387,-0.12228137867526681,-0.1856450324972308,0.023445490465373343,-0.22132995534892416,0.15986651860798634,-0.16505589087227415,-0.19647040164491916,-0.06862330301611148,-0.05196220836597588,-0.1904380297666915,-0.011480396963650556,-0.08735005261246984,0.4329486923195297,0.13728397943368606,-0.032018798750179475,-0.1271680113593256,0.1586951529923079,0.2094433654644992,-0.14648240224799985,-0.3031500507139102,-0.0559623016092188,-0.22579116603742172,0.0008234341346665244,0.0225909839993258,0.07622197626241395,-0.14502079686448371
a52,-0.02253133323223696,0.11265672712129393,-0.18540753854369288,-0.035601570953156324,-0.0932030435797678,0.353379144386213,-0.011981531327876662,0.297919687679117,0.13621564360518892,-0.20213766978637357,-0.06832773785375516,1.2073950370848052,-0.20187773605875056,0.07881233270064636,0.026718049052429534,-0.1542781190228175,-0.1134031055576548,0.12410409538612426,0.16686580880957766,0.001160137679171601,-0.07242688224025239,-0.05097156929625587,-0.13343650115299893,-0.027913514784087847,0.011968566226855635,-0.1177969705636615,-0.02673876814017725,-0.009591209850793227,-0.13775185516906327,-0.14400220004223444,0.07611121366687074,0.49617020660712086,-0.04681649867406441,-0.0323412792076157,-0.07455036968427739,0.038335961944106746,0.06902697963425554,-0.1772255999270094,-0.049704815758005234,-0.08598105706820303,0.007230608365184663,-0.02977262781124481,0.03643676114301049,0.18606592121888432,-0.11374406019364515,-0.008721979687645353,-0.05953735363670135,-0.11776382702245657,-0.05021511751673335,0.017103444726180292,-0.1213345122662495,-0.04820762246273458,-0.11436565149420803,-0.00904251616418918,-0.031808994421639966,-0.09227200237897654,-0.11130860146516336,-0.16011500146236082,-0.04101021255514675,-0.058457708014079096
a53,0.041727612239157705,-0.11746136559184822,0.03528759039758615,-0.09942088815963564,0.17869649287870779,-0.09359537344439044,-0.06361050957269566,-0.07202916689947278,-0.3266837599724864,0.27485335516481113,-0.16058493710700997,-0.20187773605875056,0.7920214854637998,-0.21651741252180612,-0.3107176408496361,0.13049639938464813,-0.09978691031867538,-0.3339425041313396,-0.0548091945491695,0.2237336750154838,-0.006096411175095059,0.03463916602665567,0.5150250315396565,0.34236156587110894,-0.07175423322865394,0.054534043618238257,-0.2363920962567798,-0.15251450459611335,0.04456754094438767,-0.13158203707037072,0.3931746033195645,-0.1155458166629721,-0.20191049985592166,0.006764865301766331,-0.025124299362284556,-0.1605225728400985,-0.23288642088656705,0.15866727560519528,-0.08455204540782982,-0.11374471423654685,-0.11488962723942024,0.10252026089653576,-0.17637424995872725,-0.0662307643090556,-0.03764830358776656,-0.11758751724184952,-0.138539665763705,0.06521767972082171,-0.009576561662396387,0.1286536164464331,-0.10194538058749598,-0.0993170144482378,0.27592500357680205,0.3034134816863686,0.17502419589351692,-0.02673431687388208,0.08055714239110992,-0.012211234885577692,0.03171574895301513,0.19513982219266382
a54,-0.08156523680758294,0.08317251343910761,-0.13991034918542436,-0.0903748483639168,-0.12733634466134028,-0.11305019616537511,-0.0540767004541439,-0.17964991883770484,0.43305364098021404,-0.2230270057518533,0.2892463447469544,0.07881233270064636,-0.21651741252180612,1.2823901404688807,0.14889539170731655,-0.15298568275582106,0.25592260636022485,0.3535733242090681,0.10604152707953314,-0.16178207767140929,-0.07460852549880735,-0.19627979000087295,-0.1480868474361307,-0.06177241562537364,0.04607400796374511,-0.18942028224131705,0.33634179861622765,0.06058360540666449,-0.14843400466926673,0.0897919335346299,-0.19634665967399312,-0.09185534572783625,0.09445359629573605,-0.15205214029002345,-0.10958536131914064,0.12974508757430042,0.030264433051566758,-0.15288550953416608,0.6926581878630711,0.1128883575444075,0.002721756277297957,0.12444836151490438,0.10079874000378922,-0.19855366532131688,-0.12803338402865092,-0.09508912859480079,0.17144682977320183,-0.08731935545979745,-0.16996562862491696,-0.12480143665542558,-0.09762246822936865,-0.19612701170936056,-0.15625646421519315,-0.22869184839200954,-0.12035360551594691,-0.10622136804632384,-0.07972351286351433,-0.08922465623313813,-0.20572111889178282,0.12198276043878965
a55,-0.3350206101621379,0.13378417767458595,-0.22931091454804686,0.0024063342307644115,-0.22001303481763382,-0.1621158063374754,0.09690531267750736,-0.1843907018784424,0.22465129098706274,-0.20501757178298138,0.3896229181769308,0.026718049052429534,-0.3107176408496361,0.14889539170731655,1.0943740439367793,-0.32991116954864314,-0.15145284315034663,0.398015441959611,-0.05279791894651676,-0.3028564207738545,0.45431820989257654,-0.2595523661473686,-0.2986680437515055,-0.16742779519984022,-0.08035176378620894,-0.29772782909593726,0.058273383168876494,0.40464741860683545,0.44345096795554145,0.28301715726610005,-0.3187772827297266,-0.09144731417962075,0.21865495044138827,-0.14126428765609936,-0.12816082758282663,-0.12582332590738896,0.4214111437260791,-0.329814442299756,-0.06758175634469349,-0.04833515487848131,-0.0010426554765150925,-0.11590320215579578,0.21798717230593206,-0.10828606523352328,0.16365173158451443,0.11969972426063982,0.13303515561933454,-0.09309842004360215,0.09266538930740245,-0.026173958480767156,-0.016759000717368504,-0.0025110269659944532,-0.2558815519237485,-0.3441491652359976,0.11363539405687487,-0.21393307134745512,0.09163427696732698,0.19134070961784372,0.25104563264917695,-0.15756640030107755
a56,-0.08153193366329618,-0.19221715064972644,0.24833795604096676,0.005344068951778842,-0.014639304456484939,-0.14430222238640047,0.08964052414502383,-0.09473259018334067,-0.2757038703272238,0.24356662666234022,-0.15175638071138808,-0.1542781190228175,0.13049639938464813,-0.15298568275582106,-0.32991116954864314,0.8767998845682412,-0.10344182845817812,-0.22027697623965362,-0.11735850427322184,0.0733543158173151,-0.03518315562035552,0.42219016494142997,0.06186909944185735,-0.049883979125789166,0.050606773160067446,0.17584870855157483,-0.24639549992555868,-0.2374752135209365,-0.07201366264827128,-0.009737382402466632,0.015225228745612726,0.04870057912344249,-0.10246335308521343,0.12812729786381755,0.05830515194339785,-0.1533570751155806,-0.24455057665443128,0.46461730638074616,-0.11071865916969624,-0.03361086092882813,-0.15790414504108308,-0.06754773415389784,-0.26300868326387555,0.2503566548416784,0.04246742640094089,-0.04328231910873149,-0.06887455547426741,0.20536463407396482,-0.06750213670407094,-0.10158913285452899,0.2696121343432116,0.18264349882521233,0.14745962324402231,0.047373166929126326,-0.05871670531206359,0.05573912014214255,0.019038792940785525,-0.05521044459570701,-0.031010984226025325,-0.06991315671555517
a57,0.12457567440031565,-0.13881496458309844,-0.06985133456452024,-0.06397861256441514,-0.07269787537566383,0.04457692437980499,-0.10504666960575768,0.09460543846778093,-0.21640591114372112,-0.1132413508230378,-0.1731736802051232,-0.1134031055576548,-0.09978691031867538,0.25592260636022485,-0.15145284315034663,-0.10344182845817812,1.4010264243912578,-0.16010912325766544,-0.09386440170417215,-0.03322129970018302,-0.21697911655765756,-0.03891767478629371,-0.11555093841054352,-0.017449197925484633,-0.02022403907245655,-0.06930579279175711,0.6698207927553768,0.029781776890622738,-0.21789028419613854,-0.12887232493408313,0.01729394929068018,-0.15870783603634434,-0.2015273860389851,-0.04996431317215624,-0.15116788522364136,0.6950319961707631,-0.05199902250083743,-0.07497369479620421,0.1275937662393973,0.5569909504556678,0.2808945048921562,-0.08001731006389436,0.21288577531931147,-0.1783472561659572,-0.17484108569864837,-0.09632237927433995,0.15635273823753365,-0.15634206178141088,-0.2565543124200085,-0.09030267502058743,-0.15671699945784306,-0.19964662766715235,-0.07394909651524172,-0.10337169878229403,-0.08536328775336363,0.2880098348311337,-0.15895641759906606,0.052254331874538935,-0.21586519473936566,0.24099826218430093
a58,-0.06039351978195644,0.477043434539677,-0.16688263839123244,0.0782117196299359,-0.34589980785721847,-0.1664249604277709,0.13325611457578745,-0.2524262209225252,0.9111346508217192,-0.35489731883995773,0.4027206180491592,0.12410409538612426,-0.3339425041313396,0.3535733242090681,0.398015441959611,-0.22027697623965362,-0.16010912325766544,1.7911604113750432,0.08603998657977775,-0.29897489751036177,-0.005560371388661567,-0.33535304917979397,-0.32501589759424004,0.037332774514763016,-0.0063828696370484455,-0.19906256228389776,0.3139091023268194,0.21619086235825768,0.034892854811225595,0.0805667453543877,-0.355418512555247,-0.09765109828002311,0.35404449737939386,-0.10393643450034493,-0.15090637650944458,-0.16760567997751863,0.16295130333676125,-0.3308050455814242,0.15182565535669224,0.0028786449687349717,-0.09656535724309212,-0.005348148478844777,0.17368532883236742,-0.2305385261595816,-0.1494479239106669,0.10144776163170807,0.30324048231882544,-0.2502542420909899,-0.0708561955211484,-0.14544481246027177,-0.019389826392383357,-0.1092404071178238,-0.364903651101269,-0.3252605883922637,-0.10415430592181704,-0.15173410018468228,-0.16637024207633128,-0.020579173949715663,-0.0017120568722633928,-0.03850035426663265
a59,0.07274961953924623,0.10753752092360798,-0.061379560499603,0.0876573024397798,-0.051793690699135364,-0.1795242028765158,-0.03695700559462098,-0.10136158672582307,0.18461635194234974,-0.15051248555975136,-0.008070658746023,0.16686580880957766,-0.0548091945491695,0.10604152707953314,-0.05279791894651676,-0.11735850427322184,-0.09386440170417215,0.08603998657977775,1.0077860150849247,-0.19713885619435975,-0.06509450510479799,-0.11242261839573113,-0.08516516984891384,0.07724611277207137,0.47971180395833074,-0.11418739928069384,0.02517256496632417,-0.01208621710916977,-0.1046858383308931,-0.10576015581506462,-0.14771724133491548,-0.02658488062447494,0.05406894846598157,-0.1339780080508459,0.3487897449984249,-0.07752744517897053,-0.14162475594213286,-0.10649822414840876,0.15313327698271342,-0.010030276420837468,-0.12991032783916232,0.1550094075174346,-0.12075189847052685,-0.08336981219983637,0.07501901611609384,0.11467180534113387,0.029710985286709696,-0.12794963725300157,0.21578557009212462,-0.18863294582985754,-0.018055396267455188,-0.05812218111358852,-0.09608320306245281,-0.04681656803858347,-0.1397640967240879,-0.08110461156272757,0.1380902823742283,-0.06614568096329103,-0.09431825262256846,-0.08574813656235326
a60,0.17533121274090546,-0.16246350088726594,-0.1039071219916415,-0.07444660836446884,0.20939700950826556,0.16490336634957525,-0.06706785065079489,0.05378397084780984,-0.2593314988553974,0.23828181269215673,-0.25856679294690665,0.001160137679171601,0.2237336750154838,-0.16178207767140929,-0.3028564207738545,0.0733543158173151,-0.03322129970018302,-0.29897489751036177,-0.19713885619435975,0.8832668389632378,-0.07933631068000586,0.033702394553558536,0.24205138272882532,0.023830640558121275,-0.13647533438000276,0.3345084833593235,-0.16686390515182317,-0.1116694483881299,0.00943280838730434,-0.25870334227163755,0.21760470289628725,-0.12171942714559598,-0.2509094963567469,0.38545611530345814,-0.08272322008603124,-0.08075785710088328,-0.10248919067989191,0.09820987474508092,-0.050553971533372696,-0.02889453290246619,-0.03471048338264481,-0.00019402722749275786,-0.10979872921584742,-0.09787967790512708,-0.04593461524478737,-0.0887376658100396,-0.15847825298443408,-0.008325257736756133,-0.04237334245434488,0.0546308063225534,-0.12441894582186895,-0.09043328791093712,0.13495119944887327,0.2579436686056746,0.12208164336296906,0.15781798378147727,-0.03695622697612789,-0.007020136025805539,0.13383965078849602,0.006839886944321954
a61,-0.32391561826537973,-0.03525955234780823,-0.19630970608447726,-0.0441330512553017,0.025086299240365383,-0.1418464650829197,-0.03297780033683685,-0.18670966964157282,-0.06527794381993574,0.3612448691058734,0.14629412135768138,-0.07242688224025239,-0.006096411175095059,-0.07460852549880735,0.45431820989257654,-0.03518315562035552,-0.21697911655765756,-0.005560371388661567,-0.06509450510479799,-0.07933631068000586,0.7821135678759834,-0.10457557338223968,-0.0788098194669514,-0.08207798480991711,-0.06478568918457624,-0.18716521397662056,-0.12133504935224587,0.1176383553383216,0.42120161491008795,0.1020572601486528,-0.13912686894681256,-0.14919070852129457,0.0014347491309599262,-0.07929537196682825,-0.13110540986269964,-0.18105683209305484,0.1513849604504048,-0.03867978360317305,-0.02299427109700544,-0.1143442021203264,-0.06509022701463058,-0.03166052166055643,-0.03943473814084686,-0.025577987260328405,0.351749228062192,0.0005505153350603718,-0.06929986537750454,-0.046254729516386706,0.1018957249774305,0.06358085207750963,0.04853411953057831,0.04751791261453115,0.0042415051719459865,-0.15591711883739845,0.13861374202359253,-0.14601534207738548,0.10454122685116017,0.1515591971975484,0.21405603428918812,-0.134105643999228
a62,0.08049535164265012,-0.2500101436336948,0.11129359320640593,0.04125291353757965,0.02749431205616339,0.012714453176104958,0.04209542055822613,0.35300380070572696,-0.3237607982526718,0.09862136348458972,-0.2071835847573052,-0.05097156929625587,0.03463916602665567,-0.19627979000087295,-0.2595523661473686,0.42219016494142997,-0.03891767478629371,-0.33535304917979397,-0.11242261839573113,0.033702394553558536,-0.10457557338223968,0.8135792320637969,0.023163515078529488,-0.14222065571907452,-0.03161437410455983,0.09750986241946644,-0.15951053678103247,-0.17837155517715061,-0.17200289451526238,-0.07565940664936438,0.1662435982865978,0.09399907336135589,-0.16749108013315384,0.10147619406996924,-0.035978518847906926,-0.012665207933642524,-0.11232685633216775,0.2560178359140216,-0.14706642119025554,-0.029620859061130392,-0.04995520271026953,-0.11148852382989481,-0.13736653153566697,0.4221068599475059,-0.047239864880690395,-0.025547174212001717,-0.1306761544514206,0.11603024992811342,-0.12302841570666687,0.00434353320609732,0.2895242050364845,0.3129822914940781,0.06536356972641517,0.09633056586086536,-0.04957320626055585,0.052093862789926476,-0.10839432163539571,-0.08397183743901347,-0.09432811306836138,-0.06314262231153742
a63,0.1779801405018252,-0.10910347716807278,-0.03034017309586891,-0.07479987368420354,0.331973620556872,-0.05736133605658609,-0.09542569683442587,-0.00527604882908108,-0.25770808337266454,0.22608872636697103,-0.14159286988833578,-0.13343650115299893,0.5150250315396565,-0.1480868474361307,-0.2986680437515055,0.06186909944185735,-0.11555093841054352,-0.32501589759424004,-0.08516516984891384,0.24205138272882532,-0.0788098194669514,0.023163515078529488,0.8134041692562718,0.16119324212836825,-0.0952749695320195,0.040305219930543305,-0.19660544594550589,-0.07858452042172705,0.028809742002677014,-0.155843566019434,0.25412918971184756,-0.12222553243004275,-0.18928991201151502,0.04233370823957972,-0.07767689865820407,-0.15940649526676762,-0.22236902798731634,0.19026690531299684,0.02492438368806357,-0.14031001593842976,-0.0673808358545008,0.10108501892874908,-0.1331085265061247,-0.087260326148723,-0.12095369259617143,-0.09687145421973677,-0.14955350620164687,0.08204396138344422,-0.0457618709669413,0.2460521491299557,-0.13749057142677018,-0.09834606239132362,0.5036059800261862,0.13412694936834393,0.11462846853511284,-0.014178816250168974,-0.00993093765091721,-0.011136425220393356,0.007761304077909651,0.043078223113560056
a64,0.06649315914394441,0.4025784016709328,0.0501864049344616,-0.13779217532233987,-0.008336487958403343,-0.13893979060499423,-0.03659423886287935,-0.043712196610571886,0.002187565953606012,-0.09405518607488639,-0.17189276865305117,-0.027913514784087847,0.34236156587110894,-0.06177241562537364,-0.16742779519984022,-0.049883979125789166,-0.017449197925484633,0.037332774514763016,0.07724611277207137,0.023830640558121275,-0.08207798480991711,-0.14222065571907452,0.16119324212836825,0.9275361881544552,0.029218883921477375,0.027618253561590162,-0.06926290056480729,-0.06563983803693586,-0.06799248794068447,-0.10195827515546738,0.17509352495072877,0.006420540313198755,-0.1223442106123696,-0.16173293005213218,-0.0010828980943487223,-0.11051983764890796,-0.1623287038487534,-0.062025587809245115,-0.06267394090523504,0.023090711492512187,-0.04752789851462481,0.4515550499886282,-0.11384539881822336,-0.091127766970803,-0.04901502422545078,-0.05146120989347269,-0.0939581806238609,-0.05499697127949173,-0.08242974323279897,-0.01031189726004178,-0.19943525390280498,-0.18668642718763104,0.04679222883526093,0.14318572270306199,0.08384358067402249,-0.08542084425848381,-0.02810036304529248,-0.015198737291104353,-0.13728194296771867,0.33666324838269096
a65,0.0074565058803809856,0.0017764895318940486,0.01541595343307523,0.14816019648345266,-0.1029090266474604,-0.17645279786572837,0.3009944737415989,-0.10577305325743024,0.011687161663371673,-0.1287559881336227,0.02372182280093392,0.011968566226855635,-0.07175423322865394,0.04607400796374511,-0.08035176378620894,0.050606773160067446,-0.02022403907245655,-0.0063828696370484455,0.47971180395833074,-0.13647533438000276,-0.06478568918457624,-0.03161437410455983,-0.0952749695320195,0.029218883921477375,0.9494137254275589,-0.059400102290400505,-0.0711476635925242,0.023963644231220594,-0.11565422492355511,0.011009148002165113,-0.1396987643802013,-0.044981847557375304,0.02314462703836555,-0.07953185368730278,0.13583122698175412,-0.07209621984932053,-0.1101943515307504,-0.04462502362365509,0.014613719701484758,0.14684571073064,-0.05537170706545719,-0.015625133422952478,-0.13478277955423004,-0.10672269208948619,-0.022695904234604606,0.39922418247799324,-0.026719705855028954,-0.030696536213652436,0.04538161765948871,-0.16000390036550632,-0.04157857188478037,-0.05225837510147436,-0.13179462180284088,-0.09447530981785382,-0.14554365793073995,-0.026517900144478527,0.042379739020972376,0.053451755177717164,-0.06769257444985739,-0.10148809363021752
a66,0.12867703767728675,-0.05532117482634087,0.4252628518299323,-0.07971587856100318,0.029344153098416502,0.0028866511323590548,0.05387992466714534,0.0810189171663884,-0.2690990862172835,-0.007246238856614076,-0.26306605014341367,-0.1177969705636615,0.054534043618238257,-0.18942028224131705,-0.29772782909593726,0.17584870855157483,-0.06930579279175711,-0.19906256228389776,-0.11418739928069384,0.3345084833593235,-0.18716521397662056,0.09750986241946644,0.040305219930543305,0.027618253561590162,-0.059400102290400505,0.806249199962568,-0.23954302206979608,-0.11551925054025691,-0.1747050594690387,0.009237662258685999,0.13872383026686003,0.08041125836049906,-0.17668518898589217,0.17801986881113382,0.09837184637514247,-0.08233554414081533,-0.14321126448120364,0.07826931033851894,-0.14300337645585673,0.03397680473018211,-0.05858727444587314,-0.024655048215666577,-0.10114873067345076,0.021355772652689526,-0.023194909201737807,-0.02761585972625351,-0.21664334348615008,0.07008318723142558,-0.028833210225592463,-0.10351062053184318,-0.03753647817644841,-0.04936237015257822,-0.014729218988545002,0.418829511613168,-0.010556657366179006,0.3965314878276016,0.00736752180501811,-0.060095998229704864,-0.05698558650042698,0.008151275500540347
a67,0.015162937906841338,0.13071068093774857,-0.2040277405062288,-0.02578363595492431,-0.15889183475273205,-0.01718666266840273,-0.08570540153040886,-0.06047385005125419,0.6409541620207045,-0.19326529025961356,0.13966932904150603,-0.02673876814017725,-0.2363920962567798,0.33634179861622765,0.058273383168876494,-0.24639549992555868,0.6698207927553768,0.3139091023268194,0.02517256496632417,-0.16686390515182317,-0.12133504935224587,-0.15951053678103247,-0.19660544594550589,-0.06926290056480729,-0.0711476635925242,-0.23954302206979608,1.2037127121513815,0.04436993220531412,-0.12231826094149877,-0.06280264005669828,-0.22286366922118117,-0.12788465184356626,0.033998401321727906,-0.14952018426934502,-0.09286017828928957,0.37892039299591695,0.02778763645999766,-0.17967933157612537,0.17858941799662378,0.20748209062089698,0.05465620439760609,-0.04635812938868012,0.13639673709700054,-0.17750995714467513,-0.14610571469249667,-0.11974212236451602,0.583873598638843,-0.15963048802058355,-0.1668925200367203,-0.1009131722032366,-0.1257124731353205,-0.14754718452127796,-0.14700991441579875,-0.2711354940545366,-0.10373877086863556,-0.01028467818523262,-0.11168766525816722,-0.006966525478187305,-0.1737309916972255,0.07222223853986338
a68,0.331707661465211,0.04132779382116336,-0.16494989749205025,-0.05836220024044407,-0.024292235547728466,-0.08902208881393696,-0.04088419635378805,0.017707396016103966,0.001014809648044754,-0.21797643174941853,0.03220003479739567,-0.009591209850793227,-0.15251450459611335,0.06058360540666449,0.40464741860683545,-0.2374752135209365,0.029781776890622738,0.21619086235825768,-0.01208621710916977,-0.1116694483881299,0.1176383553383216,-0.17837155517715061,-0.07858452042172705,-0.06563983803693586,0.023963644231220594,-0.11551925054025691,0.04436993220531412,0.8622392028658938,0.1003608374618849,0.019816266701273677,-0.15081920621360334,-0.1035757447704553,0.048576247224540584,-0.056332455980956986,-0.10218007632299941,-0.03703598158679359,0.11008505759451674,-0.13816128536254543,-0.06623593370270446,-0.04600742749664856,0.34093830542278114,-0.08629221022517203,0.37757461435681455,-0.11239278933916018,-0.062421387822595056,0.0985567496379308,-0.02541534681188173,-0.0932483715413961,-0.0025025026096724373,-0.06499952192890544,-0.12991316138654385,-0.13267954479800595,-0.08459612132745375,-0.18643149777788198,-0.01355160119858034,-0.044521023390717764,-0.06056472548308516,0.0821452487460271,0.03287718214920899,-0.03748634737607558
a69,-0.2723861215109101,-0.07936210373258204,-0.2717722763523389,-0.04797462597498025,0.010652789166868851,-0.10749390673187947,-0.030689125323575085,-0.2515637228458441,-0.014771480785920327,0.37418630002828074,0.17423016232776195,-0.13775185516906327,0.04456754094438767,-0.14843400466926673,0.44345096795554145,-0.07201366264827128,-0.21789028419613854,0.034892854811225595,-0.1046858383308931,0.00943280838730434,0.42120161491008795,-0.17200289451526238,0.028809742002677014,-0.06799248794068447,-0.11565422492355511,-0.1747050594690387,-0.12231826094149877,0.1003608374618849,0.7807631517720162,0.028502836180032364,-0.15328809874338367,-0.24447286807005433,0.05575026433016163,-0.05228360828153091,-0.16885528317610207,-0.21110174716477847,0.09210700208393506,-0.09136570553850935,-0.0965808336477216,-0.17223133083990058,-0.09057719723660135,-0.0645102198056835,-0.021692513248064864,-0.1225924469527568,0.1922047333065207,-0.007103831987215475,0.0333485937734681,-0.08845322219963203,0.276881802527673,0.016912044207944534,-0.003672756081300543,0.016057724436451908,0.017086940440430638,-0.11868772712850835,0.3336650991552249,-0.185870812642231,0.2294124332290584,0.31168689675164474,0.405297478785733,-0.12866037968381902
a70,-0.278026080434071,0.12235984284439234,0.30136386591486874,-0.05161135592575185,-0.19215602944489646,-0.28224049987581984,0.0739589345566067,-0.16561188198675925,0.12038272730675909,-0.12766611197473607,0.5493097298256197,-0.14400220004223444,-0.13158203707037072,0.0897919335346299,0.28301715726610005,-0.009737382402466632,-0.12887232493408313,0.0805667453543877,-0.10576015581506462,-0.25870334227163755,0.1020572601486528,-0.07565940664936438,-0.155843566019434,-0.10195827515546738,0.011009148002165113,0.009237662258685999,-0.06280264005669828,0.019816266701273677,0.028502836180032364,0.8595494359345772,-0.19800531569300847,0.09280466275672444,0.2579508677243806,-0.1340581954459912,0.08408448876252804,-0.17761312989441316,-0.019026694428714068,-0.11744973180828584,-0.06589884194892187,-0.08735445724947309,-0.08881078548487263,-0.11697397310094723,-0.06258473855887511,0.04726330885049477,0.14092957442610268,-0.05608844420764133,0.08718786182717203,0.35915336039112755,0.025764296083645683,-0.10358197776808198,0.13203531863281834,0.14440071176333424,-0.1397295016311025,-0.148806767355657,-0.10378066961124689,-0.02806584983578799,0.09848339992102724,-0.030668064024430664,-0.033037661632484984,-0.13721331780524554
a71,0.13680470554488317,-0.09993221557916988,0.029702877302142165,-0.0981068188198317,0.1303865433756646,0.06392008674764248,-0.09612460922793045,0.4575269640204505,-0.4204632303416073,0.060291281566594836,-0.28523494058137827,0.07611121366687074,0.3931746033195645,-0.19634665967399312,-0.3187772827297266,0.015225228745612726,0.01729394929068018,-0.355418512555247,-0.14771724133491548,0.21760470289628725,-0.13912686894681256,0.1662435982865978,0.25412918971184756,0.17509352495072877,-0.1396987643802013,0.13872383026686003,-0.22286366922118117,-0.15081920621360334,-0.15328809874338367,-0.19800531569300847,0.9757054967153579,0.04617570581480782,-0.268384604258353,-0.0021094218855193907,-0.09685074754436256,0.004308773030232479,-0.1679289354692651,0.07005223704691015,-0.0998917549903738,-0.014072631170330023,-0.0515346249690664,0.053878971794416586,-0.0993604507562012,0.05329737752860005,-0.11776001586613033,-0.11809896530682218,-0.19705097545462355,-0.013235012718415822,-0.08381993303375664,0.019883846737506865,-0.17216603867414745,-0.08395685277290547,0.11477383697333553,0.6096023175469624,0.39638548439924637,0.051247071100688296,-0.10441992002313961,-0.0925646473706274,-0.09554090844887525,0.17312641737703383
a72,0.001801603320150562,0.11172148361582197,0.4055310456667215,-0.055088322030399484,-0.10693771858850215,0.10269449439915873,0.07122747492609825,0.1860538709300252,-0.04488309354700148,-0.1827281611979546,-0.17171633915648785,0.49617020660712086,-0.1155458166629721,-0.09185534572783625,-0.09144731417962075,0.04870057912344249,-0.15870783603634434,-0.09765109828002311,-0.02658488062447494,-0.12171942714559598,-0.14919070852129457,0.09399907336135589,-0.12222553243004275,0.006420540313198755,-0.044981847557375304,0.08041125836049906,-0.12788465184356626,-0.1035757447704553,-0.24447286807005433,0.09280466275672444,0.04617570581480782,1.0769633845422701,-0.07140009724738478,-0.13171245378111607,0.19642597844690848,-0.009536455090707108,-0.04247803647162392,-0.04624740616339046,-0.16939387432897998,-0.07590524756010392,-0.04727151621240213,-0.07460423920446127,-0.027063767811343637,0.5952745422065091,0.06093920714485802,-0.026320431808379195,-0.12674033868738482,0.03612336635141135,8.448361797281845e-5,-0.03862494747494189,-0.02469510367584192,-0.05364713211908132,-0.1468910165844496,0.06399375132511316,-0.14409784416379529,0.0058842743094044995,-0.008717149658045539,-0.2199034405512199,-0.17629050627369455,-0.060663279370333056
