t1_t1,t1_t2,t1_t3,t2_t1,t2_t2,t2_t3,t3_t1,t3_t2,t3_t3
0.6633706386263832,0.13974999139316205,0.08702884403017881,0.13974999139316205,0.7484379912295978,0.10096922742106608,0.08702884403017881,0.10096922742106608,0.4489765556280725
0.6355776026550497,0.1487593693134445,0.13616277150511333,0.1487593693134445,0.7507127695481245,0.12039680828896172,0.13616277150511333,0.12039680828896172,0.43205891865263557
0.5625654741755377,0.16971034073037014,0.12132084400824317,0.16971034073037014,0.6976290831736184,0.09172122239936074,0.12132084400824317,0.09172122239936074,0.43914740950847647
0.4753205657627917,0.1346507439494097,0.07277237747258411,0.1346507439494097,0.6377415469078044,0.06604456141427961,0.07277237747258411,0.06604456141427961,0.40478406185699756
0.5136370468123532,0.1346015872003477,0.062053042302835454,0.1346015872003477,0.6616382946729567,0.06833728565604096,0.062053042302835454,0.06833728565604096,0.37024721947232664
0.43252035647057324,0.1108724832990293,0.02556004746123308,0.1108724832990293,0.5932416558255297,0.06766107147937563,0.02556004746123308,0.06766107147937563,0.35387810160066785
0.40397460549430975,0.09701990223698252,0.03684080329824004,0.09701990223698252,0.5187100547391325,0.02952445794962569,0.03684080329824004,0.02952445794962569,0.34943058106801295
0.3776330371167492,0.09785038064958512,0.03849816881883974,0.09785038064958512,0.5840459472231908,0.057890561642679764,0.03849816881883974,0.057890561642679764,0.32362537942318886
0.3588095141267978,0.09813286016160842,0.045851603384342104,0.09813286016160842,0.5893821147148417,0.03666135105067953,0.045851603384342104,0.03666135105067953,0.3280089963243339
0.33664400928041066,0.09212997127002753,0.029581238055400742,0.09212997127002753,0.5038411437969825,0.05287493033257769,0.029581238055400742,0.05287493033257769,0.3153096669132803
0.3382789826125106,0.11177854585503237,0.024427367993889327,0.11177854585503237,0.534608202859224,0.06458893302953353,0.024427367993889327,0.06458893302953353,0.30398973305495247
0.35884413750316935,0.06583987843841096,0.03795013733097322,0.06583987843841096,0.4687394880707491,0.04390676258603661,0.03795013733097322,0.04390676258603661,0.32291226877000406
0.30416174487603137,0.0989021369317247,0.023049371528383055,0.0989021369317247,0.5350824790360585,0.06163016189253624,0.023049371528383055,0.06163016189253624,0.3180655085210364
0.32899128999416605,0.08410500253360817,0.0348366347901342,0.08410500253360817,0.5123969040726748,0.05241257293606826,0.0348366347901342,0.05241257293606826,0.3170201627045452
0.2998142488289258,0.08209089900102327,0.024454551342414883,0.08209089900102327,0.4895912689796948,0.06745792325616569,0.024454551342414883,0.06745792325616569,0.34388108139306406
0.24721123449313243,0.06228723496958548,0.009036306391678954,0.06228723496958548,0.5469057806961406,0.05438481942333851,0.009036306391678954,0.05438481942333851,0.33320519493811035
0.2517001897838917,0.07626157704200505,0.0038574585559047166,0.07626157704200505,0.5418773748498157,0.05673686409753316,0.0038574585559047166,0.05673686409753316,0.34288512843644214
0.2547935227514185,0.07346815277980517,-0.002211902901772163,0.07346815277980517,0.5120631833714642,0.029870129858356402,-0.002211902901772163,0.029870129858356402,0.3424853690546681
0.272202573514863,0.09710054099732274,-0.006215493728135256,0.09710054099732274,0.498787799312698,0.037731016401984584,-0.006215493728135256,0.037731016401984584,0.3436235102814175
0.29704473680677945,0.10408753496140286,0.008561868134352562,0.10408753496140286,0.5610963872009871,0.03095425941495981,0.008561868134352562,0.03095425941495981,0.34259345277158587
0.28010963888248636,0.11297601458978254,0.023779585965495703,0.11297601458978254,0.6049731526300193,0.07518783057187549,0.023779585965495703,0.07518783057187549,0.35731505666201274
0.28503793590132814,0.1233936337132217,0.03314973242576872,0.1233936337132217,0.5768820881495906,0.059256134373786046,0.03314973242576872,0.059256134373786046,0.3551517724881338
0.26757563600806583,0.11521092252320743,0.030555645797228803,0.11521092252320743,0.5724119254094565,0.07582692385956954,0.030555645797228803,0.07582692385956954,0.32730221612788885
0.2603783251292683,0.1182572447008858,0.029180344702502435,0.1182572447008858,0.627959470467955,0.08001649636847981,0.029180344702502435,0.08001649636847981,0.3433359272126375
0.2472590830086376,0.10556347194133683,0.045831179355350235,0.10556347194133683,0.5755881298334875,0.06929540037500066,0.045831179355350235,0.06929540037500066,0.346669712296346
0.26592936902405595,0.12538133317810685,0.048116090035779,0.12538133317810685,0.5789386068672797,0.08354254144141647,0.048116090035779,0.08354254144141647,0.3675224608470867
0.2473612224714119,0.1446916736262024,0.06100657489109485,0.1446916736262024,0.5995819943164793,0.08351312992827074,0.06100657489109485,0.08351312992827074,0.3463871362617142
0.2665896456934527,0.14585117455072844,0.06973729587654365,0.14585117455072844,0.6319796685837997,0.087798991598266,0.06973729587654365,0.087798991598266,0.372338249412436
0.26345606608630506,0.13167294314981623,0.06229824920179895,0.13167294314981623,0.6059369010724596,0.07865329075765175,0.06229824920179895,0.07865329075765175,0.35955827957104614
0.2872050706951416,0.13059406232233003,0.04778072528285533,0.13059406232233003,0.6419816076432479,0.0638441496519212,0.04778072528285533,0.0638441496519212,0.3549761987644478
0.27935691190456846,0.12680463870081238,0.051532507839145536,0.12680463870081238,0.6384996573036096,0.07282521557359414,0.051532507839145536,0.07282521557359414,0.3384796144136455
0.27505214654320415,0.12637252089276846,0.05593880227300223,0.12637252089276846,0.6607981353041557,0.06639511982539319,0.05593880227300223,0.06639511982539319,0.35494307270726433
0.28796738729945254,0.16544569826813127,0.0220605064884974,0.16544569826813127,0.6458138383873271,0.06300160627972831,0.0220605064884974,0.06300160627972831,0.32294399365463655
0.2887377993394495,0.13912425239075468,0.031208562458419735,0.13912425239075468,0.6604928398463463,0.06380325898641902,0.031208562458419735,0.06380325898641902,0.3455865649374863
0.2755462794723762,0.1449489278443591,0.022099012163767782,0.1449489278443591,0.6343930802271135,0.013965171087261738,0.022099012163767782,0.013965171087261738,0.34352480437132626
0.31285360193023865,0.15462358212013966,0.036682839671470964,0.15462358212013966,0.6621814508044356,0.04258163821390056,0.036682839671470964,0.04258163821390056,0.31504202743665677
0.27341770958908196,0.11715512653035047,0.01077082323763991,0.11715512653035047,0.6174778663452015,0.03499671439060962,0.01077082323763991,0.03499671439060962,0.3159596691935557
0.3215625374651636,0.15436667190700604,0.03788851743307518,0.15436667190700604,0.673664736557244,0.03887872506984997,0.03788851743307518,0.03887872506984997,0.3213022661985817
0.3166761316222279,0.1256508122494786,0.021823741542034078,0.1256508122494786,0.6415443679300078,0.02009210478889704,0.021823741542034078,0.02009210478889704,0.32734465059196566
0.2962261649741637,0.13169484235387482,0.01986276653048624,0.13169484235387482,0.6005198475544851,0.024119121396335933,0.01986276653048624,0.024119121396335933,0.32752820140195404
0.3204647882002758,0.12601848878017163,0.03870779348816429,0.12601848878017163,0.6143377382488299,0.04920432604095371,0.03870779348816429,0.04920432604095371,0.32783991080543173
0.34318438547375024,0.1089257188176848,0.023943969982813004,0.1089257188176848,0.6245421887095731,0.04618005635800505,0.023943969982813004,0.04618005635800505,0.33777374828676915
0.2997975355756593,0.1073561963124741,0.05847757124038325,0.1073561963124741,0.6469374312056134,0.08016728529273115,0.05847757124038325,0.08016728529273115,0.3377945032088972
0.30641771736321693,0.13850282798847938,0.04801726078650574,0.13850282798847938,0.646855382981865,0.08321678864853968,0.04801726078650574,0.08321678864853968,0.31255923634007793
0.28496868584034446,0.13849337781079415,0.037760159705204445,0.13849337781079415,0.6272961873793557,0.05911212330135994,0.037760159705204445,0.05911212330135994,0.30579321066360193
0.2883864521011379,0.1267900362596005,0.027226520110003035,0.1267900362596005,0.6445201815572801,0.042169054550800944,0.027226520110003035,0.042169054550800944,0.3035182949933024
0.27734332739572537,0.10791282976572916,0.025142976129707322,0.10791282976572916,0.6193765122212498,0.07414900075622306,0.025142976129707322,0.07414900075622306,0.29288016961682534
0.29969441055327845,0.12670343244839774,0.03330490895341685,0.12670343244839774,0.6350933328292929,0.083038253321714,0.03330490895341685,0.083038253321714,0.31715549120213665
0.2790053609099514,0.14430186461209468,0.035396118762917206,0.14430186461209468,0.6990211388957239,0.0871451512948019,0.035396118762917206,0.0871451512948019,0.3270299567461058
0.35395355914175897,0.1725379976313845,0.04854833631284532,0.1725379976313845,0.6504198656450229,0.09632423961544183,0.04854833631284532,0.09632423961544183,0.3176728189782633
0.3237415599720581,0.14420092020846448,0.028724915552758374,0.14420092020846448,0.6445583010831896,0.06863787913035213,0.028724915552758374,0.06863787913035213,0.3127834037317531
0.34733352634802694,0.16043258328878102,0.04871063381754886,0.16043258328878102,0.6145795554419046,0.06718474277868666,0.04871063381754886,0.06718474277868666,0.30525168430264704
0.3594458436222694,0.17103918653375016,0.051666348324040955,0.17103918653375016,0.6485847992928363,0.05632886425178979,0.051666348324040955,0.05632886425178979,0.29203524432092215
0.34809887280194735,0.1717455973823161,0.036895698262767604,0.1717455973823161,0.5855156563703515,0.058907940175731616,0.036895698262767604,0.058907940175731616,0.3074713112350751
0.32005013554794726,0.14766029769803388,0.045471466547571296,0.14766029769803388,0.5922935331081434,0.06229977267813843,0.045471466547571296,0.06229977267813843,0.3158826272308034
0.32968522046612325,0.1277246253499998,0.051758068140802735,0.1277246253499998,0.600029968281921,0.0446883757656213,0.051758068140802735,0.0446883757656213,0.30657693012288567
0.3026343839401034,0.11821210105399689,0.05449181569682903,0.11821210105399689,0.5962616522502204,0.05913735003023562,0.05449181569682903,0.05913735003023562,0.33444266561384767
0.2991032315188095,0.13821183337129245,0.04805526941398841,0.13821183337129245,0.5868701516018212,0.07012981123496871,0.04805526941398841,0.07012981123496871,0.32326513585008726
0.31434234067205646,0.1501088983509102,0.05135075296123545,0.1501088983509102,0.5753922160755562,0.059256199123444986,0.05135075296123545,0.059256199123444986,0.32935912989776
0.31237782663064473,0.1394302702459978,0.06763908168961462,0.1394302702459978,0.5856227909385201,0.06468301797512548,0.06763908168961462,0.06468301797512548,0.3296028939527185
0.31111791770997144,0.1526957367790818,0.06948204742360913,0.1526957367790818,0.5966295218141033,0.05487503746743163,0.06948204742360913,0.05487503746743163,0.3019208946820523
0.30387102595946347,0.1313346042688096,0.05181657480827129,0.1313346042688096,0.5927961677775105,0.040530523765419796,0.05181657480827129,0.040530523765419796,0.31268682439271506
0.26645010565334437,0.1266945482147563,0.058038975172726125,0.1266945482147563,0.5405152285188837,0.027996502870662104,0.058038975172726125,0.027996502870662104,0.3100413245205944
0.2935645107441291,0.1294176924533058,0.05969418595013611,0.1294176924533058,0.5773157259042764,0.05166035567156856,0.05969418595013611,0.05166035567156856,0.3106714459710015
0.28214362913570906,0.13318150796386122,0.06053278938202043,0.13318150796386122,0.5960692010426157,0.0756540840661421,0.06053278938202043,0.0756540840661421,0.30150836129165326
0.29653552593772986,0.16666173414158944,0.07056467259577738,0.16666173414158944,0.6059723324531384,0.0810811034006695,0.07056467259577738,0.0810811034006695,0.30251080996316226
0.3140398128796174,0.17411467737140332,0.07465341457384325,0.17411467737140332,0.6218688053378496,0.09960832791901121,0.07465341457384325,0.09960832791901121,0.3185835256886156
0.28401530646512446,0.17797498933772649,0.07997244758437415,0.17797498933772649,0.6191159239439327,0.12138201693668876,0.07997244758437415,0.12138201693668876,0.31279037027431184
0.2856529172170784,0.17454702648323248,0.06041260599537572,0.17454702648323248,0.6473033393494837,0.09460187933036625,0.06041260599537572,0.09460187933036625,0.26301874378650186
0.27849957286304383,0.177770573979303,0.06573024121742299,0.177770573979303,0.6209397576461886,0.13228174609043458,0.06573024121742299,0.13228174609043458,0.3115195339491201
0.2667278874654105,0.16999936833269141,0.06117994495996776,0.16999936833269141,0.5596814188769063,0.11469324906307647,0.06117994495996776,0.11469324906307647,0.32882594842565316
0.2612104469489714,0.15313362179566764,0.0646450874433481,0.15313362179566764,0.6528814204000998,0.1373940871510386,0.0646450874433481,0.1373940871510386,0.29989350346419097
0.2691706327643141,0.17816036890006248,0.08664419299623886,0.17816036890006248,0.6010762155076145,0.1246325499140021,0.08664419299623886,0.1246325499140021,0.32847913250923905
0.296712810168121,0.19921127909208716,0.09175630379059967,0.19921127909208716,0.5815410991750215,0.10574957961092923,0.09175630379059967,0.10574957961092923,0.3208230755140524
0.27116815156625723,0.19671431356834154,0.08371065987969036,0.19671431356834154,0.6190418219499763,0.08375290121506658,0.08371065987969036,0.08375290121506658,0.293487210956735
0.26113836546653235,0.19207996411066636,0.08607307155317441,0.19207996411066636,0.5990936125299473,0.08824480450723418,0.08607307155317441,0.08824480450723418,0.30025168352953274
0.25685118768112125,0.17201956511448496,0.09327644174235615,0.17201956511448496,0.627600510981655,0.08982066497211055,0.09327644174235615,0.08982066497211055,0.3262182706169703
0.27772135910709045,0.17634838204246475,0.0740615949235815,0.17634838204246475,0.6444041751570306,0.10832594674494471,0.0740615949235815,0.10832594674494471,0.30117643151058743
0.2833404038279901,0.16048529324979022,0.08215823799206033,0.16048529324979022,0.6450348832194936,0.08416800185189988,0.08215823799206033,0.08416800185189988,0.33524589797369525
0.284111399087299,0.15005124362893818,0.0887461695782643,0.15005124362893818,0.6080125529603961,0.1157996072123314,0.0887461695782643,0.1157996072123314,0.32622045690609197
0.2999973314439288,0.17690279945535686,0.11392251592117829,0.17690279945535686,0.6108581305904817,0.10035220072061284,0.11392251592117829,0.10035220072061284,0.34112351753563297
0.2530176922695709,0.13464428962417518,0.09279575927976,0.13464428962417518,0.6415722466892627,0.13376574360023832,0.09279575927976,0.13376574360023832,0.3398254071764281
0.27730699842740403,0.13944244332870742,0.09002611164822445,0.13944244332870742,0.608116187844941,0.1021514438863404,0.09002611164822445,0.1021514438863404,0.34435514810143475
0.29200588643632036,0.13278338340861276,0.10373824195390012,0.13278338340861276,0.6059996802473573,0.10860892621739585,0.10373824195390012,0.10860892621739585,0.36943862422102125
0.2988378410678043,0.1278532930282551,0.09650380671400252,0.1278532930282551,0.5905142063105778,0.10822656127757198,0.09650380671400252,0.10822656127757198,0.3297786984360583
0.27510732966836,0.10332975994502804,0.09409763502801252,0.10332975994502804,0.5673563111500968,0.09000693503368919,0.09409763502801252,0.09000693503368919,0.3563479881278585
0.2947969882686633,0.11321533185990121,0.11031102129313451,0.11321533185990121,0.588242525736585,0.08764440135990433,0.11031102129313451,0.08764440135990433,0.32169141229586445
0.28999300609611584,0.127500742765129,0.09122480960465473,0.127500742765129,0.5660368665786687,0.06920198982860915,0.09122480960465473,0.06920198982860915,0.3198278630771317
0.27176812461075683,0.1267829754747299,0.09748747220125885,0.1267829754747299,0.552051466688911,0.08031082594227025,0.09748747220125885,0.08031082594227025,0.3297060910918418
0.2565264316996205,0.10687683317387421,0.09335931363949,0.10687683317387421,0.5878365284941078,0.10183743786333832,0.09335931363949,0.10183743786333832,0.3276967851465981
0.25481592156252103,0.10453939222765708,0.09299057479990787,0.10453939222765708,0.5528498747120717,0.09748583783608371,0.09299057479990787,0.09748583783608371,0.33976804422477214
0.2741635158731374,0.11937808617176378,0.09822496081448553,0.11937808617176378,0.4976615489051518,0.09851609170360513,0.09822496081448553,0.09851609170360513,0.34300323198771326
0.2690806804094561,0.1214147499085641,0.09848995317339086,0.1214147499085641,0.4860836235430597,0.07164214179816668,0.09848995317339086,0.07164214179816668,0.3591574652694793
0.26879291283897366,0.1218466483689892,0.11392075745525237,0.1218466483689892,0.5428391184249014,0.10070949098060228,0.11392075745525237,0.10070949098060228,0.38483441147718495
0.2578533253701332,0.10554217144528127,0.11048641377927365,0.10554217144528127,0.5179238811093038,0.10543647214767825,0.11048641377927365,0.10543647214767825,0.39515243876421513
0.25798228453108335,0.11903068586828362,0.08038694656162021,0.11903068586828362,0.5270500284020787,0.09110386040892035,0.08038694656162021,0.09110386040892035,0.34747988397919644
0.25488022971701785,0.14181892161277976,0.08411235737745826,0.14181892161277976,0.5744949816521565,0.07786133079445651,0.08411235737745826,0.07786133079445651,0.3624388411066751
0.22511125218255695,0.11125378092674344,0.09068998642863434,0.11125378092674344,0.5429323427566292,0.08707604512410763,0.09068998642863434,0.08707604512410763,0.3856358631704212
0.26329350488342496,0.12632662403488099,0.09784648087177594,0.12632662403488099,0.5788122964902479,0.09494447144679204,0.09784648087177594,0.09494447144679204,0.3703870640752769
0.2523933134275963,0.12980889698359152,0.0788548555807236,0.12980889698359152,0.5376987974529283,0.09427914405662194,0.0788548555807236,0.09427914405662194,0.37365146441086533
