t1:ϵ_t1:ϵ,t1:ϵ_t2:ϵ,t1:ϵ_t3:ϵ,t2:ϵ_t1:ϵ,t2:ϵ_t2:ϵ,t2:ϵ_t3:ϵ,t3:ϵ_t1:ϵ,t3:ϵ_t2:ϵ,t3:ϵ_t3:ϵ
0.5313238507839184,0.07109448232080268,0.04620299286190749,0.07109448232080269,0.46240447535679047,0.08417320099062002,0.04620299286190748,0.08417320099062002,0.5866958718708615
0.4637257131294888,0.05183345867729894,0.04995300604484895,0.05183345867729893,0.4206998377886453,0.07237214308821219,0.04995300604484895,0.07237214308821219,0.6097365049553829
0.5193354843465313,0.0626592623865156,0.021132003458767763,0.06265926238651559,0.36339219968488584,0.10183411081557772,0.02113200345876776,0.10183411081557772,0.7419685465700241
0.5132688501925788,0.06640244693019368,0.08369159272796539,0.06640244693019368,0.331315181316408,0.09101800832731605,0.0836915927279654,0.09101800832731605,0.755941658485683
0.5135407887616272,0.05846538608280909,0.06353648887488857,0.0584653860828091,0.32001994448642895,0.09260083912923764,0.06353648887488858,0.09260083912923764,0.6645908733476295
0.5219034752497914,0.06618544465284353,0.08399725604424774,0.06618544465284353,0.33894595108333025,0.15457806979697472,0.08399725604424772,0.15457806979697472,0.6902902532754537
0.4859520629023291,0.08203169151709305,0.12315442980893478,0.08203169151709304,0.3086650301051228,0.17072656590534208,0.12315442980893478,0.17072656590534208,0.7896308239674548
0.4460041266657153,0.06771184623343848,0.09146256882162866,0.06771184623343847,0.30983275835534313,0.17762721349159233,0.09146256882162865,0.17762721349159233,0.6506724314933053
0.44880661933081023,0.08681872651610224,0.057139204218756186,0.08681872651610226,0.2714648270509522,0.15798517116887564,0.057139204218756186,0.15798517116887564,0.6789449922182219
0.46152288297369315,0.0782417945592284,0.07239452726270507,0.0782417945592284,0.2702022504981396,0.13370082857972204,0.07239452726270507,0.13370082857972204,0.63483436392624
0.46311593628921155,0.10650453271009515,0.10916353666756887,0.10650453271009513,0.2601014909555667,0.12872066054991735,0.10916353666756887,0.12872066054991735,0.6517094789727075
0.4061820852215553,0.0699224231332924,0.08241919789515623,0.0699224231332924,0.24248634371210592,0.16659777857275615,0.08241919789515624,0.16659777857275615,0.7840621412488027
0.40508749903230373,0.06545728851119649,0.07501314712521495,0.0654572885111965,0.2410312923885829,0.1803393898718284,0.07501314712521497,0.1803393898718284,0.9114482031658808
0.38688813024442736,0.07223930407291436,0.10147161342133712,0.07223930407291436,0.2631595775042088,0.2049232670231602,0.10147161342133712,0.2049232670231602,0.9219894141012018
0.38337078490036886,0.08322629791616891,0.08165941973424518,0.08322629791616892,0.28843243130993473,0.2198815352801506,0.08165941973424518,0.2198815352801506,0.8720394930706212
0.36075345310041657,0.08250365869419442,0.0915185292007982,0.08250365869419439,0.25743225605098335,0.18065309239155886,0.09151852920079817,0.18065309239155886,0.8161500054983813
0.3927938409659368,0.06961602251827605,0.07131578367343323,0.06961602251827606,0.2757436611423806,0.1863809642247595,0.07131578367343325,0.1863809642247595,0.9423758788866267
0.404428101109953,0.10959483630264723,0.09700700920407353,0.10959483630264724,0.30364682209927285,0.192368375647163,0.09700700920407355,0.192368375647163,1.030697275691134
0.37652741867710837,0.1399194659448751,0.14281302599543627,0.1399194659448751,0.3058435741904651,0.1557670035657483,0.14281302599543627,0.1557670035657483,1.1567020708791877
0.3901047989379445,0.13682995168912335,0.17520677527745884,0.13682995168912335,0.31289494350257013,0.1196007995059129,0.17520677527745881,0.1196007995059129,0.9819097516023144
0.39117531424000884,0.12522335239985802,0.11988359710966519,0.12522335239985802,0.2835063083283201,0.09944459344965659,0.11988359710966517,0.09944459344965659,0.9284324256733095
0.3645206675597259,0.13407025905934397,0.11794846922452684,0.13407025905934394,0.3277772813029465,0.16723530015000965,0.1179484692245268,0.16723530015000965,0.9292029346901509
0.3541378683677787,0.13083578544992597,0.17642665385785905,0.13083578544992594,0.30826291465095457,0.18250079651396064,0.17642665385785905,0.18250079651396064,0.9488117800782845
0.3403749923566378,0.11254199176905542,0.13418101391207032,0.11254199176905541,0.2752070702088384,0.1272167773221689,0.1341810139120703,0.1272167773221689,1.0290557647249094
0.32908528854830493,0.12431153035548062,0.1307652175901394,0.12431153035548062,0.290574762894726,0.15966700691583685,0.13076521759013937,0.15966700691583682,1.0942739755406838
0.33148237006436404,0.11356060924297726,0.17386908141271515,0.11356060924297723,0.2667335000008474,0.1202233652138545,0.17386908141271512,0.1202233652138545,1.0737422730851676
0.3107600457731862,0.11573779837858121,0.15198872750150932,0.11573779837858122,0.2681688170120907,0.15798458826899897,0.15198872750150932,0.15798458826899897,1.072126911012633
0.2934462139542277,0.1120212804752107,0.15557434544983983,0.1120212804752107,0.25681128710103257,0.18010524050761434,0.15557434544983986,0.18010524050761434,1.148226570913843
0.2869978541691047,0.11212641320917849,0.16073048760702693,0.11212641320917849,0.2875270937915272,0.20786335897232638,0.16073048760702696,0.20786335897232638,1.1534246925862763
0.2552353328376656,0.11395149419440115,0.16326031027830842,0.11395149419440112,0.27699965693797324,0.18320613273086728,0.16326031027830842,0.18320613273086728,1.1572913189046372
0.2531794258582051,0.10967574985789755,0.13125594067839566,0.10967574985789753,0.2568264092950296,0.1418504836942399,0.13125594067839563,0.1418504836942399,1.1126795781930883
0.2748356448638112,0.09773137422668068,0.11880742547915366,0.09773137422668068,0.2644334902939193,0.18454665923060423,0.11880742547915366,0.18454665923060423,1.1983215176379607
0.2770810914506913,0.0956303146626413,0.12022369440179229,0.0956303146626413,0.28116087599932116,0.23782098202381022,0.12022369440179229,0.23782098202381022,1.0529559971491447
0.2820536713414099,0.1034527976795445,0.10583450577057227,0.10345279767954452,0.27934246948752145,0.27119498505728806,0.10583450577057227,0.27119498505728806,1.1578981933278674
0.26007380864448754,0.10955730395242391,0.0970773504793126,0.1095573039524239,0.2927484385056653,0.28754567144766485,0.0970773504793126,0.2875456714476648,1.0989635334109034
0.27726836311956954,0.13213689899052466,0.16482662003322573,0.13213689899052466,0.32335221167602823,0.35378230075920125,0.16482662003322568,0.35378230075920114,1.1156807471214716
0.2804902862935538,0.1271425930731333,0.15777212342041583,0.1271425930731333,0.32257133763226364,0.3480069387233244,0.15777212342041586,0.3480069387233245,1.063341390103549
0.32635368264101905,0.1799103846350289,0.19121044263269335,0.1799103846350289,0.36483579436048885,0.39498508051094455,0.1912104426326934,0.39498508051094466,1.0182025277883537
0.2929231372827985,0.15405362490678906,0.1986032780036568,0.15405362490678906,0.3546484105964106,0.37420974341355995,0.19860327800365682,0.37420974341355995,1.0125812867565485
0.3084175265013862,0.14845240554728956,0.22995787296188663,0.1484524055472896,0.35547583105293606,0.3617521810811178,0.22995787296188672,0.3617521810811178,1.016857899255612
0.2982517955057549,0.133056494683009,0.23065940423118042,0.133056494683009,0.3445343252044418,0.38068088574232267,0.2306594042311804,0.38068088574232267,0.9721862170923271
0.2810153596155507,0.11321658445662276,0.18259462353179925,0.11321658445662275,0.311358698473698,0.31270696850445634,0.18259462353179923,0.31270696850445634,0.8842323999922225
0.27675322566902544,0.11498621003074844,0.20451404069787,0.11498621003074846,0.33631251533431095,0.33224298370732624,0.20451404069787002,0.3322429837073262,0.8281860419469593
0.23795486469752097,0.10419235330304455,0.2073908231303142,0.10419235330304455,0.28480897103429104,0.3091034121144144,0.2073908231303142,0.3091034121144144,0.8146589078697622
0.2570578008980397,0.11761212385242337,0.21011695847429246,0.11761212385242334,0.2829201029233422,0.2928430943498336,0.21011695847429246,0.2928430943498336,0.810588232587133
0.22025335981961672,0.09783647959419287,0.17116685574843984,0.09783647959419288,0.2718664747230372,0.2548549100327522,0.17116685574843987,0.2548549100327522,0.7786218708636586
0.23170630164958422,0.09990677648725278,0.19557094319969792,0.0999067764872528,0.3100364293321519,0.30851688652513115,0.19557094319969795,0.30851688652513115,0.9241175747533328
0.22841816460148928,0.07795816265000108,0.240105005969637,0.07795816265000105,0.2450516896035983,0.2717094731087339,0.2401050059696369,0.2717094731087338,1.115952468707792
0.2387004977662849,0.06248706141994269,0.2563868212302025,0.062487061419942716,0.2061708455318704,0.2320486093632981,0.25638682123020246,0.23204860936329835,1.094331335715782
0.22316155968884172,0.07233339384887791,0.24431117465309257,0.07233339384887792,0.24372611120170645,0.2750701617562505,0.24431117465309268,0.2750701617562505,1.0213650729291854
0.21751663239222008,0.06879400967940404,0.21502362046592718,0.06879400967940404,0.25515974076410375,0.2484164706105872,0.21502362046592718,0.2484164706105872,1.0104190745433568
0.19247660490231763,0.0709621211258912,0.20760220066477456,0.07096212112589119,0.2511372122390078,0.29323422233989277,0.20760220066477453,0.29323422233989266,1.0532149043669037
0.1719096295395685,0.07980568064612674,0.1729943139905314,0.07980568064612674,0.27854841349493076,0.3011915562363044,0.17299431399053158,0.3011915562363045,1.0024806075100143
0.1828696969091555,0.09358183354124575,0.18079850659465818,0.09358183354124575,0.3036824672493864,0.3059499565701526,0.1807985065946582,0.3059499565701526,1.0153901282440567
0.15084244271787586,0.07279145762548167,0.13056787033723138,0.07279145762548167,0.315392396636138,0.27835691466262585,0.13056787033723138,0.27835691466262585,0.9471398207752921
0.16546121350769072,0.10174785245803464,0.1693958953926959,0.1017478524580347,0.35793577239525526,0.34344316357473725,0.16939589539269598,0.34344316357473725,0.9569930334874479
0.1525934479682295,0.0919562510655805,0.15554881453382574,0.09195625106558053,0.3503251138453445,0.31843433444586694,0.15554881453382582,0.31843433444586683,0.925394371827822
0.16197763673020507,0.08757890668821329,0.15429783730487645,0.08757890668821328,0.310917529136568,0.28075852121662415,0.15429783730487645,0.28075852121662415,0.9620142110345954
0.1548560348394701,0.0868080651697582,0.12091839528957371,0.08680806516975817,0.3214179591010017,0.24182127858702274,0.12091839528957372,0.24182127858702274,0.912151499637534
0.17403294324552546,0.08514150849391586,0.1122897004856878,0.08514150849391589,0.31969452398439746,0.297237538024235,0.11228970048568783,0.29723753802423497,1.0293803370821284
0.1807980983935293,0.06244977252493253,0.11827889662405115,0.06244977252493254,0.298659843718505,0.2528861144550234,0.11827889662405115,0.2528861144550234,0.9360077992956173
0.19785501013760023,0.06016974353021058,0.1622588813719692,0.06016974353021058,0.3137610533268092,0.27240888809969693,0.1622588813719692,0.27240888809969693,0.9501642533388328
0.17873854172778628,0.05875776512872359,0.15467822329774808,0.05875776512872359,0.3333518135112223,0.2649122649212303,0.15467822329774808,0.2649122649212303,0.9778250168383742
0.17139169372880067,0.05625864544102246,0.14292203603147102,0.05625864544102245,0.3376530187993862,0.23055239496161029,0.14292203603147102,0.23055239496161029,0.9644416214794819
0.182129009643306,0.06496851494125258,0.13763289917317553,0.06496851494125258,0.33934666343069736,0.23901225567954507,0.13763289917317556,0.23901225567954507,1.0605710048586445
0.16128838501524861,0.059015285409489554,0.1328835161507756,0.059015285409489554,0.3145699564884553,0.18396001222152333,0.1328835161507756,0.1839600122215233,0.966601204596048
0.15137824717584236,0.07123672902827194,0.10780119522151899,0.07123672902827194,0.2754140525952942,0.14396223189970747,0.10780119522151899,0.14396223189970747,0.8940835786916062
0.1526573270817691,0.07218763383210826,0.10343154703076962,0.07218763383210824,0.2492132012255223,0.1201144249738233,0.10343154703076961,0.1201144249738233,0.9107608610664756
0.15445604964094825,0.07099136449667716,0.08099797433056238,0.07099136449667716,0.25107402200766704,0.1165682250771665,0.08099797433056237,0.11656822507716648,0.9258925738747281
0.16298093557204998,0.05434194559262431,0.10303607721505553,0.054341945592624306,0.24458930230107503,0.15049415555837012,0.10303607721505553,0.15049415555837012,0.9832762137828809
0.1809101453052612,0.04025506957381777,0.11386194546909834,0.04025506957381776,0.2381598204153378,0.14107175849835443,0.11386194546909835,0.14107175849835443,0.9891746474115245
0.17927793339081158,0.0663377014800383,0.097649942862576,0.06633770148003831,0.27989431738882004,0.18364041279882506,0.09764994286257601,0.18364041279882506,1.1544114702880806
0.18485054676563228,0.07595096510372065,0.0965621271536592,0.07595096510372067,0.25614730614710984,0.19375971179225693,0.09656212715365921,0.19375971179225693,1.0922931366794497
0.1695109590831222,0.07235190289235682,0.10490880450330754,0.07235190289235684,0.23316511544570234,0.20842412636462054,0.10490880450330754,0.20842412636462054,1.0008560763160568
0.1849408531132526,0.08689733186791587,0.133667692797379,0.08689733186791587,0.24908883980071256,0.23610340336555333,0.133667692797379,0.23610340336555333,1.1619852543374918
0.20195960683974265,0.07865801781403037,0.14483707489267708,0.07865801781403037,0.2450190252477418,0.2104189060359522,0.14483707489267708,0.2104189060359522,1.0012391279913708
0.20689059507261423,0.07864165136848697,0.16116406841333175,0.07864165136848697,0.2526220144873347,0.18417802518550241,0.16116406841333175,0.18417802518550241,1.0814199005676657
0.2021038474761571,0.09321414034320681,0.19048768951542816,0.09321414034320681,0.2597576811179717,0.19482806263526556,0.19048768951542822,0.19482806263526561,1.1055744696518561
0.20300749207623967,0.09856311750264422,0.16071574520888945,0.09856311750264421,0.2745682564669111,0.20882735949237333,0.16071574520888945,0.20882735949237333,1.0406542383991264
0.18759255507371783,0.103949927042048,0.14005392260782407,0.103949927042048,0.23949604185451728,0.17701167759348876,0.14005392260782407,0.17701167759348876,0.9810877848707367
0.1959338596088707,0.08531969360051228,0.12864211136347592,0.08531969360051227,0.22723325831186847,0.13279730879184382,0.12864211136347586,0.1327973087918438,0.9872735300907148
0.19571705852086058,0.08037284118032492,0.12943154327045647,0.08037284118032492,0.2195584282329947,0.14096609479748656,0.1294315432704565,0.1409660947974866,1.1249461503106462
0.21686037372872594,0.09466421273830113,0.09056733894833838,0.09466421273830114,0.22658839891985197,0.12086540810581363,0.09056733894833839,0.12086540810581363,1.0834725376814676
0.24199638135332502,0.10334293143158917,0.06977391615692827,0.10334293143158917,0.2514190198859374,0.14747313589724065,0.06977391615692828,0.14747313589724065,1.1121438637466834
0.231453936207408,0.09431756225255461,0.02552882095483702,0.0943175622525546,0.22319609437792848,0.11751080816701809,0.025528820954837005,0.11751080816701809,0.8825448272451721
0.24976400156987258,0.09173609909527289,-0.020087433484066955,0.09173609909527289,0.21881093225572182,0.08776572935380554,-0.020087433484066965,0.08776572935380554,0.8912980007080741
0.22228633805832432,0.09584244639901841,-0.03172310115682437,0.09584244639901841,0.20894030922294846,0.05711345935992854,-0.03172310115682438,0.05711345935992852,0.9402565360133552
0.2247327214473559,0.09554369628799234,-0.009024348325477799,0.09554369628799234,0.19697377674727903,0.06527365342815339,-0.009024348325477799,0.06527365342815339,0.954101547377917
0.2289026111508612,0.10120352037753538,0.027214019281931092,0.10120352037753537,0.18831913592208335,0.01797648401769741,0.02721401928193109,0.01797648401769741,1.0273401769146069
0.21461121068940725,0.09486501705067635,0.02043625296372084,0.09486501705067635,0.19138752151109725,0.013806939517297253,0.020436252963720845,0.013806939517297254,1.0550786993592631
0.20354647309283552,0.08112589494993819,0.06972574488120634,0.08112589494993822,0.18319016666689555,0.016954318496948964,0.06972574488120634,0.016954318496948957,1.2728006278361208
0.20584184554050902,0.1004894819733025,0.04541106641179801,0.1004894819733025,0.21292778350696112,0.04197115772988497,0.04541106641179801,0.04197115772988497,1.0124953258937601
0.22387174193023848,0.09089222193207729,0.015201934547068877,0.09089222193207729,0.18818625220451057,0.011418723992410245,0.01520193454706888,0.011418723992410246,1.1357039787002394
0.20479998866443516,0.0874874864210925,0.0033515616935087594,0.08748748642109246,0.2011660307212841,-0.011138365037205384,0.0033515616935087607,-0.011138365037205384,1.089421085787244
0.18915344501973552,0.07679156095444441,0.007342274378550432,0.07679156095444442,0.1986328813772793,-0.010637674205762586,0.007342274378550431,-0.010637674205762586,1.0363628206906013
0.16381667350834744,0.06228488046820186,0.03070044799697881,0.06228488046820187,0.20372522125016254,-0.03793930576086998,0.030700447996978814,-0.03793930576086998,0.9729344470991795
0.15813863863035718,0.07036436768282726,0.03162229680152282,0.07036436768282728,0.21706259593009977,0.009616241499488946,0.03162229680152282,0.009616241499488943,0.981215688736897
0.175903630717888,0.068747666967327,0.04077411957695969,0.06874766696732702,0.21197223888280525,-0.000725712441611594,0.04077411957695968,-0.0007257124416116003,1.0804749224620653
0.16255060616468556,0.052564738844467856,0.043734475156907676,0.052564738844467856,0.23027681160572927,0.038838155906252,0.04373447515690767,0.038838155906252,1.0231990516834983
0.14754709246990344,0.05698339818166901,0.044816513120572554,0.056983398181669004,0.2616795896313039,0.08925688751401147,0.044816513120572554,0.08925688751401147,1.028889839486591
